#############################################################################################################################
#  MOLOPT basis sets optimized with PBE pseudopotentials (new version)
#############################################################################################################################
#
# DZVP-MOLOPT-GGA/MGGA/HYB-GTH-qX
# TZVP-MOLOPT-GGA/MGGA/HYB-GTH-qX
# TZV2P-MOLOPT-GGA/MGGA/HYB-GTH-qX
#
# Updated: 
# 04.06.2021 : H B C N O F 
# 27.02.2022 : add Au-q19, replace Pt-q18 (bug fix for TZV2P)
# 11.07.2022 : SVP/TZVPP/QZVPP-MOLOPT-GGA-ae/GTH-qX based on def2-svp/tzvpp/qzvpp basis sets
#
#############################################################################################################################
# Hydrogen
#############################################################################################################################

H TZV2P-MOLOPT-PBE-GTH TZV2P-MOLOPT-GGA-GTH-q1
 1
 2 0 2 5 3 2 1
         9.58664174435792     2.81884542432937E-02    -1.19160988255386E-02     1.34080139039988E-01    -1.04299547500478E-01     9.21008381497911E-02     1.28290882554705E-03
         2.20235986412966     1.37112096750279E-01    -4.85015418756945E-02     4.40038658605629E-02     3.33755971436669E-01     5.41422935296765E-02    -3.10971726377461E-03
         0.60409425990597     4.21114159535371E-01    -1.07830568846420E-01    -8.93820315307595E-01     5.00163684961049E-01     9.40521672994924E-02    -1.83091829837861E-02
         0.14649778504517     8.25868105506075E-01    -3.30879704788542E-01     4.22646211607884E-01     7.75957173703246E-01     1.30219064638044E-01    -2.96455671387292E-03
         0.13952579682924     3.47865521313538E-01     9.36160668051038E-01     5.04142823144179E-02    -1.59547199117427E-01     9.81215181646979E-01     9.99822318727403E-01

H TZVP-MOLOPT-PBE-GTH TZVP-MOLOPT-GGA-GTH-q1
 1
 2 0 1 5 3 1
         9.58664174435792     2.81884542432937E-02    -1.19160988255386E-02     1.34080139039988E-01    -1.04299547500478E-01
         2.20235986412966     1.37112096750279E-01    -4.85015418756945E-02     4.40038658605629E-02     3.33755971436669E-01
         0.60409425990597     4.21114159535371E-01    -1.07830568846420E-01    -8.93820315307595E-01     5.00163684961049E-01
         0.14649778504517     8.25868105506075E-01    -3.30879704788542E-01     4.22646211607884E-01     7.75957173703246E-01
         0.13952579682924     3.47865521313538E-01     9.36160668051038E-01     5.04142823144179E-02    -1.59547199117427E-01

H DZVP-MOLOPT-PBE-GTH DZVP-MOLOPT-GGA-GTH-q1
 1
 2 0 1 5 2 1
         9.58664174435792     2.81884542432937E-02    -1.19160988255386E-02    -1.04299547500478E-01
         2.20235986412966     1.37112096750279E-01    -4.85015418756945E-02     3.33755971436669E-01
         0.60409425990597     4.21114159535371E-01    -1.07830568846420E-01     5.00163684961049E-01
         0.14649778504517     8.25868105506075E-01    -3.30879704788542E-01     7.75957173703246E-01
         0.13952579682924     3.47865521313538E-01     9.36160668051038E-01    -1.59547199117427E-01

#############################################################################################################################
# Carbon 
#############################################################################################################################

C TZV2P-MOLOPT-PBE-GTH TZV2P-MOLOPT-GGA-GTH-q4
 1
 2 0 3 5 3 3 2 1
         5.59901014838892    -1.83155884314756E-01     2.71865072691389E-01    -8.11364675780398E-01    -1.00123645515581E-01     6.82447687229518E-02     6.56915760620102E-02    -1.73822854585936E-01    -2.35296103837644E-02    -2.13029903132464E-03
         2.00851706576486    -2.26760185784623E-01     1.69561479342994E-01    -1.77568284361490E-01    -2.97554402435039E-01     2.24325818590448E-01     6.67176955837015E-01     3.77132855011109E-01     8.26839344415928E-03    -6.07719791123206E-03
         0.75555690239755     5.42190226432892E-01    -1.27427898475984E-01     1.82912537382255E-01    -6.37108775555108E-01     2.50865801382500E-01     2.62214609320881E-01     3.86633624918940E-01     3.46738546334587E-02     1.26913420074604E-02
         0.29215774678590     7.67230367968930E-01    -1.51970274923640E-02    -4.42268380738888E-01    -6.51044286483991E-01     2.75189905555843E-02    -6.60009085173177E-01     8.21960762038376E-01     3.50641036229928E-02     9.99896361922042E-01
         0.10532796426014     1.80058493303461E-01     9.38546465561994E-01     2.84778072104709E-01    -2.67713239021569E-01    -9.38791581508481E-01     2.14920991487820E-01    -4.95113183635646E-02     9.98471944296391E-01     2.17364778629100E-03

C TZVP-MOLOPT-PBE-GTH TZVP-MOLOPT-GGA-GTH-q4
 1
 2 0 2 5 3 3 1
         5.59901014838892    -1.83155884314756E-01     2.71865072691389E-01    -8.11364675780398E-01    -1.00123645515581E-01     6.82447687229518E-02     6.56915760620102E-02    -1.73822854585936E-01
         2.00851706576486    -2.26760185784623E-01     1.69561479342994E-01    -1.77568284361490E-01    -2.97554402435039E-01     2.24325818590448E-01     6.67176955837015E-01     3.77132855011109E-01
         0.75555690239755     5.42190226432892E-01    -1.27427898475984E-01     1.82912537382255E-01    -6.37108775555108E-01     2.50865801382500E-01     2.62214609320881E-01     3.86633624918940E-01
         0.29215774678590     7.67230367968930E-01    -1.51970274923640E-02    -4.42268380738888E-01    -6.51044286483991E-01     2.75189905555843E-02    -6.60009085173177E-01     8.21960762038376E-01
         0.10532796426014     1.80058493303461E-01     9.38546465561994E-01     2.84778072104709E-01    -2.67713239021569E-01    -9.38791581508481E-01     2.14920991487820E-01    -4.95113183635646E-02

C DZVP-MOLOPT-PBE-GTH DZVP-MOLOPT-GGA-GTH-q4
 1
 2 0 2 5 2 2 1
         5.59901014838892    -1.83155884314756E-01     2.71865072691389E-01    -1.00123645515581E-01     6.82447687229518E-02    -1.73822854585936E-01
         2.00851706576486    -2.26760185784623E-01     1.69561479342994E-01    -2.97554402435039E-01     2.24325818590448E-01     3.77132855011109E-01
         0.75555690239755     5.42190226432892E-01    -1.27427898475984E-01    -6.37108775555108E-01     2.50865801382500E-01     3.86633624918940E-01
         0.29215774678590     7.67230367968930E-01    -1.51970274923640E-02    -6.51044286483991E-01     2.75189905555843E-02     8.21960762038376E-01
         0.10532796426014     1.80058493303461E-01     9.38546465561994E-01    -2.67713239021569E-01    -9.38791581508481E-01    -4.95113183635646E-02

#############################################################################################################################
# Nitrogen
#############################################################################################################################

N TZV2P-MOLOPT-PBE-GTH TZV2P-MOLOPT-GGA-GTH-q5
 1
 2 0 3 5 3 3 2 1
         7.67729137915484    -1.57743090618499E-01     4.64767274259296E-02    -6.42054237878408E-01    -1.02158523708243E-01     4.82409952132264E-02     1.13348876872995E-01     6.30369713987474E-02     1.15689826646974E-02    -8.54228537183937E-03
         2.81966237794259    -1.74044102679302E-01     4.24004069220353E-02    -3.07113808999774E-01    -2.98226721897575E-01     1.34580220978959E-01     3.36292558509652E-01     1.14821628218594E-01    -2.08158735346914E-02    -4.50580977628561E-03
         1.09114390677598     4.41288051809814E-01    -9.13540901978963E-02     5.27814087797249E-01    -5.60270180894578E-01     2.83662239065009E-01     6.00237358126624E-01     4.43570475758278E-01    -4.44906859281996E-02     1.93601793683141E-03
         0.43100900982055     8.58813021027908E-01    -6.51904223705357E-02    -4.59412506921729E-01    -6.89335539768301E-01     1.57118280926414E-01    -7.07080456991621E-01     8.82189870978279E-01    -7.56269509650758E-02     9.99928248225900E-01
         0.13893847703177     1.11941135993420E-01     9.91688841490055E-01     6.16433382506033E-02    -3.33973496542287E-01    -9.35099219564131E-01     1.17523140071880E-01     8.84793677023504E-02     9.95858424276491E-01    -6.81742424352485E-03

N TZVP-MOLOPT-PBE-GTH TZVP-MOLOPT-GGA-GTH-q5
 1
 2 0 2 5 3 3 1
         7.67729137915484    -1.57743090618499E-01     4.64767274259296E-02    -6.42054237878408E-01    -1.02158523708243E-01     4.82409952132264E-02     1.13348876872995E-01     6.30369713987474E-02
         2.81966237794259    -1.74044102679302E-01     4.24004069220353E-02    -3.07113808999774E-01    -2.98226721897575E-01     1.34580220978959E-01     3.36292558509652E-01     1.14821628218594E-01
         1.09114390677598     4.41288051809814E-01    -9.13540901978963E-02     5.27814087797249E-01    -5.60270180894578E-01     2.83662239065009E-01     6.00237358126624E-01     4.43570475758278E-01
         0.43100900982055     8.58813021027908E-01    -6.51904223705357E-02    -4.59412506921729E-01    -6.89335539768301E-01     1.57118280926414E-01    -7.07080456991621E-01     8.82189870978279E-01
         0.13893847703177     1.11941135993420E-01     9.91688841490055E-01     6.16433382506033E-02    -3.33973496542287E-01    -9.35099219564131E-01     1.17523140071880E-01     8.84793677023504E-02

N DZVP-MOLOPT-PBE-GTH DZVP-MOLOPT-GGA-GTH-q5
 1
 2 0 2 5 2 2 1
         7.67729137915484    -1.57743090618499E-01     4.64767274259296E-02    -1.02158523708243E-01     4.82409952132264E-02     6.30369713987474E-02
         2.81966237794259    -1.74044102679302E-01     4.24004069220353E-02    -2.98226721897575E-01     1.34580220978959E-01     1.14821628218594E-01
         1.09114390677598     4.41288051809814E-01    -9.13540901978963E-02    -5.60270180894578E-01     2.83662239065009E-01     4.43570475758278E-01
         0.43100900982055     8.58813021027908E-01    -6.51904223705357E-02    -6.89335539768301E-01     1.57118280926414E-01     8.82189870978279E-01
         0.13893847703177     1.11941135993420E-01     9.91688841490055E-01    -3.33973496542287E-01    -9.35099219564131E-01     8.84793677023504E-02

#############################################################################################################################
# Oxygen
#############################################################################################################################

O TZV2P-MOLOPT-PBE-GTH TZV2P-MOLOPT-GGA-GTH-q6
 1
 2 0 3 5 3 3 2 1
        10.27704242406505    -1.49868256024880E-01     4.87596886258794E-02    -5.53669874919871E-01    -9.24779725877624E-02     6.96521980106397E-02     1.20727677711086E-01    -6.77536972887194E-02    -1.39107655831647E-02    -2.42068472127188E-02
         3.56405253880618    -1.50283608564945E-01     3.88821197655349E-02    -1.92378825213863E-01    -2.90527105694297E-01     2.15775427853434E-01     4.18617946994965E-01     1.82303508690924E-01     2.64964049800176E-02     1.33535604410894E-02
         1.31363563226775     5.39068797289606E-01    -1.25699044360202E-01     5.91746387586808E-01    -5.18398147191831E-01     3.67414070470753E-01     5.18264995222031E-01     3.34682703085916E-01     5.92344408125691E-02     1.59429141137979E-02
         0.48890324671371     8.02346121882746E-01    -7.57512538516891E-02    -5.49213059041492E-01    -6.26250099252499E-01     2.67796450584559E-01    -7.27741038771548E-01     9.10370319696758E-01     1.30790800128982E-01     9.99466389226907E-01
         0.15533153369410     1.43526566604286E-01     9.87204219659982E-01     6.81269826999462E-02    -4.96100795824058E-01    -8.61325430903662E-01     1.09445043302219E-01    -1.46247176017229E-01     9.89186271006259E-01    -6.96213091339795E-03

O TZVP-MOLOPT-PBE-GTH TZVP-MOLOPT-GGA-GTH-q6
 1
 2 0 2 5 3 3 1
        10.27704242406505    -1.49868256024880E-01     4.87596886258794E-02    -5.53669874919871E-01    -9.24779725877624E-02     6.96521980106397E-02     1.20727677711086E-01    -6.77536972887194E-02
         3.56405253880618    -1.50283608564945E-01     3.88821197655349E-02    -1.92378825213863E-01    -2.90527105694297E-01     2.15775427853434E-01     4.18617946994965E-01     1.82303508690924E-01
         1.31363563226775     5.39068797289606E-01    -1.25699044360202E-01     5.91746387586808E-01    -5.18398147191831E-01     3.67414070470753E-01     5.18264995222031E-01     3.34682703085916E-01
         0.48890324671371     8.02346121882746E-01    -7.57512538516891E-02    -5.49213059041492E-01    -6.26250099252499E-01     2.67796450584559E-01    -7.27741038771548E-01     9.10370319696758E-01
         0.15533153369410     1.43526566604286E-01     9.87204219659982E-01     6.81269826999462E-02    -4.96100795824058E-01    -8.61325430903662E-01     1.09445043302219E-01    -1.46247176017229E-01

O DZVP-MOLOPT-PBE-GTH DZVP-MOLOPT-GGA-GTH-q6
 1
 2 0 2 5 2 2 1
        10.27704242406505    -1.49868256024880E-01     4.87596886258794E-02    -9.24779725877624E-02     6.96521980106397E-02    -6.77536972887194E-02
         3.56405253880618    -1.50283608564945E-01     3.88821197655349E-02    -2.90527105694297E-01     2.15775427853434E-01     1.82303508690924E-01
         1.31363563226775     5.39068797289606E-01    -1.25699044360202E-01    -5.18398147191831E-01     3.67414070470753E-01     3.34682703085916E-01
         0.48890324671371     8.02346121882746E-01    -7.57512538516891E-02    -6.26250099252499E-01     2.67796450584559E-01     9.10370319696758E-01
         0.15533153369410     1.43526566604286E-01     9.87204219659982E-01    -4.96100795824058E-01    -8.61325430903662E-01    -1.46247176017229E-01

#############################################################################################################################
# Magnesium
#############################################################################################################################

Mg TZV2P-MOLOPT-PBE-GTH TZV2P-MOLOPT-GGA-GTH-q10
 1
 2 0 2 7 4 3 1
        30.66511264805410     5.05101591298220E-02     5.44261196570683E-02    -4.14857279921781E-03    -1.35986943997645E-02     5.91514290824296E-02     2.14896934322602E-02    -4.89966324771166E-03     2.94766736709816E-02
        12.27585863903791     1.61416482178386E-01     1.70214301970214E-01    -2.26251016492683E-02    -8.79901837750851E-02     2.50962587524142E-01     9.51077890202922E-02    -3.23248541118298E-02    -1.81204445279745E-02
         4.27200977614451    -2.58213242998081E-01    -2.58731881434535E-01     3.18864254767536E-02     1.14042748465575E-01     5.69067736629913E-01     2.18121129839253E-01    -7.19052368919082E-02     3.98433437491067E-02
         1.49576890730141    -6.57888920467221E-01    -5.09953517184983E-01    -1.73036739689866E-01    -4.04280699972015E-01     6.28246455329401E-01     2.68063885726018E-01    -1.75835058955786E-01     7.24857428581497E-02
         0.53746463134226    -3.10558327844975E-01    -1.19925280981795E-01     2.26984011540388E-02     8.94505353006247E-01     3.22159879581595E-01    -2.10623670200191E-02     5.47882442984300E-01     4.49231629673533E-01
         0.15046849346346     3.39744820628441E-01    -5.89253733403952E-01     7.22930512848367E-01    -1.92217707949762E-02     2.79327587309031E-01    -7.60228489881509E-01     4.01804904833289E-01     8.70375357253968E-01
         0.05346306902009     5.09929911296646E-01    -5.28647403658451E-01    -6.67359492990663E-01     1.22942536142210E-01     1.82143628902392E-01    -5.40986734864146E-01    -7.07969217676665E-01     1.80551324078459E-01

Mg TZVP-MOLOPT-PBE-GTH TZVP-MOLOPT-GGA-GTH-q10
 1
 2 0 1 7 4 2
        30.66511264805410     5.05101591298220E-02     5.44261196570683E-02    -4.14857279921781E-03    -1.35986943997645E-02     5.91514290824296E-02     2.14896934322602E-02
        12.27585863903791     1.61416482178386E-01     1.70214301970214E-01    -2.26251016492683E-02    -8.79901837750851E-02     2.50962587524142E-01     9.51077890202922E-02
         4.27200977614451    -2.58213242998081E-01    -2.58731881434535E-01     3.18864254767536E-02     1.14042748465575E-01     5.69067736629913E-01     2.18121129839253E-01
         1.49576890730141    -6.57888920467221E-01    -5.09953517184983E-01    -1.73036739689866E-01    -4.04280699972015E-01     6.28246455329401E-01     2.68063885726018E-01
         0.53746463134226    -3.10558327844975E-01    -1.19925280981795E-01     2.26984011540388E-02     8.94505353006247E-01     3.22159879581595E-01    -2.10623670200191E-02
         0.15046849346346     3.39744820628441E-01    -5.89253733403952E-01     7.22930512848367E-01    -1.92217707949762E-02     2.79327587309031E-01    -7.60228489881509E-01
         0.05346306902009     5.09929911296646E-01    -5.28647403658451E-01    -6.67359492990663E-01     1.22942536142210E-01     1.82143628902392E-01    -5.40986734864146E-01

Mg DZVP-MOLOPT-PBE-GTH DZVP-MOLOPT-GGA-GTH-q10
 1
 2 0 1 7 3 2
        30.66511264805410     5.05101591298220E-02     5.44261196570683E-02    -4.14857279921781E-03     5.91514290824296E-02     2.14896934322602E-02
        12.27585863903791     1.61416482178386E-01     1.70214301970214E-01    -2.26251016492683E-02     2.50962587524142E-01     9.51077890202922E-02
         4.27200977614451    -2.58213242998081E-01    -2.58731881434535E-01     3.18864254767536E-02     5.69067736629913E-01     2.18121129839253E-01
         1.49576890730141    -6.57888920467221E-01    -5.09953517184983E-01    -1.73036739689866E-01     6.28246455329401E-01     2.68063885726018E-01
         0.53746463134226    -3.10558327844975E-01    -1.19925280981795E-01     2.26984011540388E-02     3.22159879581595E-01    -2.10623670200191E-02
         0.15046849346346     3.39744820628441E-01    -5.89253733403952E-01     7.22930512848367E-01     2.79327587309031E-01    -7.60228489881509E-01
         0.05346306902009     5.09929911296646E-01    -5.28647403658451E-01    -6.67359492990663E-01     1.82143628902392E-01    -5.40986734864146E-01

#############################################################################################################################
# Aluminium
#############################################################################################################################

Al TZV2P-MOLOPT-PBE-GTH TZV2P-MOLOPT-GGA-GTH-q3
 1
 2 0 3 4 3 3 2 1
         0.93255672866082     1.44068158731867E-01    -5.87219876794402E-01    -6.38887790278359E-01     7.56100004481059E-02    -1.32585413373516E-01    -4.95603586960142E-01     3.11341612287490E-01    -6.59620587708547E-01     2.42766142824849E-01
         0.31986612081442     2.04290223535817E-02     6.82252958437941E-01    -8.17923694325877E-02    -3.91596331972907E-01     8.17680891662171E-01     2.74456616612248E-01     8.31076698069311E-01     5.16969731534645E-01     8.95928729231545E-01
         0.13831594273608    -9.05064591600738E-01     1.08202434436058E-01    -3.93237132483476E-01    -7.83206805096242E-01    -8.43487291779434E-02    -5.55668582634616E-01     4.29538992357692E-01    -5.42934124145744E-01     3.65108163463411E-01
         0.04718609184019    -3.99606188285263E-01    -4.21895662673078E-01     6.56122669454433E-01    -4.76993229583544E-01    -5.53808955739430E-01     6.08508895960309E-01     1.66955612151184E-01     5.35304939835492E-02     7.12203693325873E-02

Al TZVP-MOLOPT-PBE-GTH TZVP-MOLOPT-GGA-GTH-q3
 1
 2 0 2 4 3 3 1
         0.93255672866082     1.44068158731867E-01    -5.87219876794402E-01    -6.38887790278359E-01     7.56100004481059E-02    -1.32585413373516E-01    -4.95603586960142E-01     3.11341612287490E-01
         0.31986612081442     2.04290223535817E-02     6.82252958437941E-01    -8.17923694325877E-02    -3.91596331972907E-01     8.17680891662171E-01     2.74456616612248E-01     8.31076698069311E-01
         0.13831594273608    -9.05064591600738E-01     1.08202434436058E-01    -3.93237132483476E-01    -7.83206805096242E-01    -8.43487291779434E-02    -5.55668582634616E-01     4.29538992357692E-01
         0.04718609184019    -3.99606188285263E-01    -4.21895662673078E-01     6.56122669454433E-01    -4.76993229583544E-01    -5.53808955739430E-01     6.08508895960309E-01     1.66955612151184E-01

Al DZVP-MOLOPT-PBE-GTH DZVP-MOLOPT-GGA-GTH-q3
 1
 2 0 2 4 2 2 1
         0.93255672866082     1.44068158731867E-01    -5.87219876794402E-01     7.56100004481059E-02    -1.32585413373516E-01     3.11341612287490E-01
         0.31986612081442     2.04290223535817E-02     6.82252958437941E-01    -3.91596331972907E-01     8.17680891662171E-01     8.31076698069311E-01
         0.13831594273608    -9.05064591600738E-01     1.08202434436058E-01    -7.83206805096242E-01    -8.43487291779434E-02     4.29538992357692E-01
         0.04718609184019    -3.99606188285263E-01    -4.21895662673078E-01    -4.76993229583544E-01    -5.53808955739430E-01     1.66955612151184E-01
